team|ppg|ppga|overs|overs avg|ttOvers|TT avg
:--|:--|:--|:--|:--|:--|:--
wsh|106.9|112.2|221,202,224,219,244,206,229,232,214,200|219.1|114,102,107,120,117,94,111,121,86,97|106.9
cha|110.0|114.4|231,236,235,265,206,233,223,194,229,192|224.4|129,112,126,131,93,120,108,88,99,94|110.0
-|-|-|-|-|-|-
hou|108.0|117.0|224,251,230,222,210,236,233,188,210,246|225.0|107,122,105,114,101,111,109,93,101,117|108.0
orl|107.8|112.7|222,206,246,217,195,206,219,224,249|220.4|109,98,120,102,92,113,105,108,123|107.8
-|-|-|-|-|-|-
okc|110.5|110.5|223,239,222,202,228,228,224,202|221.0|108,117,106,108,118,117,116,94|110.5
det|107.3|118.9|222,236,239,219,231,248,242,218,207,200|226.2|113,106,115,99,113,112,128,108,91,88|107.3
-|-|-|-|-|-|-
no|118.1|113.0|238,236,243,224,235,203,237,219,245|231.1|130,124,121,113,111,112,117,114,121|118.1
ind|115.8|117.6|221,271,239,226,233,244,241,225,200|233.3|107,134,124,106,109,127,125,109,101|115.8
-|-|-|-|-|-|-
phx|115.1|103.9|212,224,207,239,235,233,223,214,184|219.0|107,111,112,134,124,124,116,106,102|115.1
phi|109.8|109.2|243,178,219,226,228,202,223,229,232,210|219.0|117,88,105,120,109,112,114,118,111,104|109.8
-|-|-|-|-|-|-
mil|112.9|101.1|178,230,209,227,238,218,207,217,202|214.0|90,125,110,119,123,110,116,115,108|112.9
atl|116.4|115.3|224,206,235,231,248,238,248,211,245|231.8|117,108,109,118,136,115,109,112,124|116.4
-|-|-|-|-|-|-
por|109.8|109.1|223,224,210,245,217,236,217,214,184|218.9|115,113,106,135,98,125,106,108,82|109.8
mia|108.1|109.1|224,215,221,188,217,233,232,225,217,200|217.2|108,104,112,90,119,110,113,116,110,99|108.1
-|-|-|-|-|-|-
tor|113.4|106.1|213,214,221,188,228,202,248,243,221,217|219.5|108,105,109,98,119,90,139,143,110,113|113.4
chi|111.5|110.5|224,202,224,222,233,253,223,207,194,242,217|221.9|116,100,96,120,124,124,109,108,106,119,104|111.5
-|-|-|-|-|-|-
bos|118.8|115.3|243,215,246,222,255,206,227,242,251|234.1|126,111,126,102,123,112,113,123,133|118.8
mem|117.1|115.2|227,251,233,258,235,247,226,217,229,200|232.3|115,129,96,134,125,123,105,111,130,103|117.1
-|-|-|-|-|-|-
ny|114.4|115.9|227,236,217,265,227,229,211,210,251|230.3|112,130,115,134,108,108,99,106,118|114.4
min|114.4|114.0|223,258,222,221,256,213,205,223,217,246|228.4|115,126,116,106,134,111,98,107,102,129|114.4
-|-|-|-|-|-|-
den|115.6|115.0|225,251,239,245,209,218,231,227|230.6|102,128,122,110,110,117,110,126|115.6
sa|113.3|121.2|231,271,219,221,256,253,205,243,219,227|234.5|102,137,114,115,122,129,107,100,106,101|113.3
-|-|-|-|-|-|-
bkn|112.2|113.0|238,214,258,209,254,241,225,207,214,192|225.2|108,109,124,99,125,116,116,99,128,98|112.2
dal|115.1|109.1|212,233,224,254,228,219,203,221|224.2|105,137,111,129,111,114,103,111|115.1
-|-|-|-|-|-|-
sac|114.9|116.9|223,220,255,235,232,223,217,249|231.8|108,109,125,110,119,115,107,126|114.9
gs|116.1|120.4|232,251,255,239,233,233,242,225,219|236.6|123,123,130,105,123,113,114,109,105|116.1
-|-|-|-|-|-|-
lal|107.6|113.8|232,200,210,209,213,231,237,246,214|221.3|109,97,104,99,102,121,120,116,100|107.6
utah|116.4|111.8|225,258,243,222,210,218,247,226,203,246,212|228.2|123,132,122,108,109,101,124,121,100,130,110|116.4
-|-|-|-|-|-|-
cle|116.2|103.9|213,224,224,195,255,229,227,200,214|220.1|105,128,117,103,132,121,114,112,114|116.2
lac|102.3|106.6|200,220,207,202,228,203,188,210,219,212|208.9|103,111,95,94,110,91,95,109,113,102|102.3
-|-|-|-|-|-|-
